# .env


RPC_ENDPOINT="https://api.devnet.solana.com"
CONTRACT_ADDRESS="2hVxaAkpErKPrWAPevDQjMDs2e5nQtpAhonz786Fzn7C"
WALLETS='[
  {
    "publicKey": "AdxN43WS3LLEA5NZNWsr3h1i8uJjwhCN6gbDMeCm91St",
    "secretKey": [63,195,204,71,169,243,9,8,180,214,42,233,10,151,111,101,47,226,159,119,132,193,60,151,35,40,142,36,76,45,7,12,143,48,176,201,179,84,152,191,237,58,251,52,137,15,51,159,251,16,118,128,85,162,40,7,247,93,17,207,26,138,112,253]
  },
  {
    "publicKey": "A6aR4eBptkG6nr56uV1h5H9f8Qrrsshudg8wp9NwpoJm",
    "secretKey": [232,126,57,41,242,22,117,156,255,54,139,26,237,6,84,217,211,42,181,209,47,71,125,52,23,133,4,90,26,250,97,58,135,38,222,99,77,24,154,158,37,172,34,156,79,58,209,112,56,189,140,30,211,109,7,213,39,111,30,121,209,212,92,214]
  },
  {
    "publicKey": "H7FmnLGeT9piXtgZjHGNuWVDgWkAnLBDck2A7kSC7kMS",
    "secretKey": [182,130,98,203,188,248,29,13,113,86,100,194,123,213,181,35,97,246,131,246,253,60,173,167,58,65,172,178,249,246,87,143,239,85,45,180,182,170,48,202,73,40,41,57,84,186,226,134,27,241,232,139,222,97,48,127,211,244,230,137,136,122,149,173]                                                       
  },
  {
    "publicKey": "GZ8ei1P3JiXfTxgVL8Fu2Ejc2BhfKp2mGj4TTGPPwoPB",
    "secretKey": [0,189,83,154,43,75,69,99,106,171,132,43,24,242,25,31,144,238,75,182,184,185,119,128,90,183,165,114,61,150,47,38,231,26,138,48,167,159,4,116,36,144,50,88,239,137,91,203,176,153,144,218,137,247,24,8,115,14,194,217,68,41,87,206]                                                                                
  }
]'
MIN_DELAY="100"
MAX_DELAY="5000"
MIN_BUY_AMOUNT_SOL="0.1"
MAX_BUY_AMOUNT_SOL="3"

PAYER_SECRET_KEY= [63,195,204,71,169,243,9,8,180,214,42,233,10,151,111,101,47,226,159,119,132,193,60,151,35,40,142,36,76,45,7,12,143,48,176,201,179,84,152,191,237,58,251,52,137,15,51,159,251,16,118,128,85,162,40,7,247,93,17,207,26,138,112,253]
